[2015, 10]	205213
[2015, 12]	347092
[2015, 9]	174134
[2016, 11]	1301586
[2016, 2]	520040
[2016, 4]	1022504
[2016, 6]	1351631
[2016, 8]	1411435
[2017, 10]	12579172
[2017, 12]	26687692
[2017, 1]	1409664
[2017, 3]	2422460
[2017, 5]	4240928
[2017, 7]	7839822
[2017, 9]	10677965
[2018, 11]	16713911
[2018, 2]	22231978
[2018, 4]	20868405
[2018, 6]	22477336
[2018, 8]	19843574
[2019, 1]	16569597
[2019, 3]	18012971
[2019, 5]	24325151
[2015, 11]	234733
[2015, 8]	85112
[2016, 10]	1330960
[2016, 12]	1316131
[2016, 1]	404816
[2016, 3]	916363
[2016, 5]	1347042
[2016, 7]	1351177
[2016, 9]	1387395
[2017, 11]	15292269
[2017, 2]	1410048
[2017, 4]	2540358
[2017, 6]	7240723
[2017, 8]	10517032
[2018, 10]	17070582
[2018, 12]	17107601
[2018, 1]	33504270
[2018, 3]	20241701
[2018, 5]	25107353
[2018, 7]	19934164
[2018, 9]	16065654
[2019, 2]	13413899
[2019, 4]	19821024
[2019, 6]	25646697
